MS

c Randomly-generated maxsat whose corresponding MN is tripartite 
p cnf 50 300
37 8 0
-23 26 0
31 46 0
-29 26 0
-11 -48 0
5 -28 0
23 -4 0
13 8 0
-25 40 0
13 26 0
21 18 0
-37 26 0
-17 12 0
-25 46 0
-19 -30 0
-23 -4 0
13 -18 0
29 20 0
-15 40 0
-43 18 0
-17 22 0
21 -6 0
49 -40 0
-5 8 0
1 -12 0
-3 34 0
19 -2 0
47 30 0
-27 40 0
33 -14 0
5 -42 0
-11 -8 0
19 28 0
1 24 0
-33 26 0
-35 14 0
-21 2 0
19 10 0
-49 -12 0
-11 22 0
21 8 0
15 50 0
9 42 0
5 12 0
35 -42 0
33 -22 0
-17 -22 0
29 -6 0
-1 -28 0
-23 -8 0
19 28 0
47 40 0
-45 -12 0
5 18 0
-17 -38 0
33 34 0
33 22 0
25 2 0
39 -18 0
-19 -6 0
-33 2 0
-47 -16 0
-19 14 0
25 -12 0
3 48 0
41 20 0
29 6 0
15 -50 0
-25 36 0
-43 -24 0
3 -4 0
-5 -36 0
-25 14 0
-43 -6 0
-37 14 0
49 42 0
-9 -44 0
-31 36 0
-9 -16 0
29 48 0
45 4 0
-41 -34 0
47 32 0
45 2 0
-33 -42 0
-43 46 0
-1 -6 0
21 -2 0
-3 -36 0
-47 -48 0
-41 4 0
15 36 0
43 34 0
19 48 0
33 -8 0
-27 6 0
49 -14 0
17 -16 0
-47 16 0
41 32 0
41 22 0
23 -22 0
17 -24 0
15 -12 0
9 -40 0
-21 -48 0
37 10 0
5 -14 0
-7 20 0
25 -40 0
-21 -2 0
29 -8 0
-45 -44 0
-41 38 0
-9 8 0
-15 26 0
-41 -8 0
31 -50 0
-19 -2 0
-49 -26 0
39 8 0
-5 22 0
21 6 0
-13 32 0
-13 -36 0
-5 -50 0
33 50 0
-13 32 0
23 -50 0
3 28 0
-43 38 0
17 -42 0
-25 30 0
21 -2 0
35 -14 0
29 42 0
-21 38 0
-41 30 0
-7 4 0
-17 -32 0
33 -34 0
1 44 0
5 50 0
-29 -34 0
7 -16 0
-1 4 0
-1 22 0
-43 48 0
-37 10 0
-41 32 0
27 24 0
-31 14 0
47 -10 0
5 50 0
-47 -48 0
-39 -12 0
13 20 0
33 32 0
19 28 0
-5 32 0
-13 -50 0
-31 -46 0
21 10 0
37 -38 0
-31 -16 0
-17 50 0
-9 -14 0
-7 32 0
-45 -28 0
25 -30 0
-37 -22 0
-15 36 0
17 6 0
13 30 0
-11 6 0
-45 -34 0
-47 2 0
-7 36 0
-39 42 0
-13 2 0
-19 12 0
-19 -28 0
-9 -36 0
-23 30 0
25 32 0
-23 16 0
-19 -44 0
-23 -12 0
-17 22 0
-47 46 0
-31 -32 0
9 -16 0
45 -42 0
11 -12 0
-35 -44 0
11 32 0
-37 -12 0
-43 -2 0
-37 -40 0
21 -46 0
-3 -2 0
35 -32 0
19 -50 0
19 40 0
37 8 0
49 10 0
-1 -50 0
-9 -50 0
49 -48 0
3 -36 0
17 18 0
5 -34 0
49 2 0
5 8 0
15 -26 0
-21 36 0
33 -46 0
17 2 0
39 -4 0
-31 44 0
-49 32 0
-15 -14 0
-5 36 0
-49 30 0
-39 -4 0
15 50 0
-23 -44 0
-1 -28 0
-27 -46 0
-31 -8 0
25 -42 0
-47 -24 0
-41 16 0
-25 -16 0
39 24 0
37 32 0
-39 -38 0
23 -40 0
-3 -4 0
-35 -2 0
-11 26 0
29 -8 0
49 -20 0
-15 10 0
-37 -20 0
-37 16 0
-15 -22 0
-17 42 0
11 40 0
-9 24 0
39 50 0
-39 2 0
-25 -28 0
-31 -10 0
-11 34 0
-19 -48 0
-45 38 0
5 -36 0
45 22 0
37 -42 0
-45 10 0
-29 30 0
-35 -20 0
-33 -28 0
-19 -32 0
-49 22 0
-27 24 0
1 16 0
39 -48 0
45 26 0
5 -10 0
43 10 0
-5 -32 0
-19 40 0
-41 22 0
-39 44 0
-37 40 0
31 44 0
-3 16 0
-25 -42 0
3 -48 0
-9 20 0
-47 10 0
-5 20 0
-41 -16 0
-35 20 0
-23 36 0
-37 34 0
15 6 0
-47 -6 0
21 -2 0
11 -46 0
9 -40 0
-3 -22 0
11 -12 0
-21 -14 0
-29 -4 0
-3 -18 0
45 -6 0
-23 -32 0
