MS

c Randomly-generated maxsat whose corresponding MN is tripartite 
p cnf 50 600
3 30 0
-15 14 0
-29 -20 0
-35 -16 0
-7 10 0
-35 -28 0
-29 -20 0
-31 -16 0
-25 16 0
27 -20 0
47 16 0
17 24 0
-37 -22 0
9 20 0
-45 -16 0
13 -16 0
-27 8 0
-21 -10 0
1 -22 0
35 42 0
-47 50 0
-39 -12 0
-37 -16 0
-47 18 0
-21 -2 0
-13 34 0
47 12 0
19 2 0
-31 50 0
25 30 0
7 -26 0
13 -20 0
35 -40 0
13 12 0
37 -4 0
11 16 0
13 36 0
7 -46 0
49 -46 0
13 24 0
15 44 0
31 -42 0
33 -16 0
9 -32 0
-19 -32 0
43 22 0
-47 36 0
23 -14 0
49 44 0
29 26 0
-1 44 0
13 48 0
-33 36 0
-1 16 0
-45 42 0
-3 44 0
-49 14 0
-25 -8 0
7 -12 0
5 -28 0
-49 -12 0
-17 8 0
29 -18 0
-33 -40 0
21 -44 0
41 -48 0
-13 -30 0
-35 -22 0
47 28 0
33 -22 0
7 20 0
-3 -34 0
5 -14 0
-45 10 0
31 -2 0
-15 40 0
-39 42 0
-37 40 0
9 50 0
-23 8 0
-15 20 0
-31 -22 0
25 -2 0
31 10 0
47 -22 0
17 -38 0
-49 -40 0
-5 44 0
-21 -48 0
-33 -30 0
-23 -8 0
-17 -42 0
-19 -40 0
13 -22 0
-13 8 0
-41 32 0
39 -26 0
-13 -26 0
-49 -32 0
21 16 0
43 -32 0
39 -14 0
7 32 0
49 -42 0
21 42 0
13 -34 0
-29 -20 0
21 28 0
47 -28 0
11 -44 0
-17 8 0
-3 -44 0
33 38 0
37 32 0
29 44 0
-43 -10 0
-41 24 0
41 10 0
21 -26 0
-1 -30 0
-17 22 0
5 -18 0
15 16 0
-41 -10 0
-25 -18 0
5 -50 0
-37 -20 0
5 34 0
-9 -8 0
-17 -24 0
37 -16 0
-39 36 0
-17 -30 0
-21 -20 0
-37 36 0
39 -40 0
31 -2 0
49 46 0
-29 -38 0
-15 -4 0
33 10 0
31 -6 0
13 32 0
25 22 0
-15 -2 0
1 -18 0
-27 -48 0
-15 -36 0
-49 -10 0
-21 26 0
25 40 0
-9 -8 0
-1 2 0
47 42 0
-37 -40 0
-9 44 0
-49 28 0
-3 24 0
19 -24 0
25 34 0
-45 -4 0
-39 -8 0
-17 12 0
33 -30 0
-37 -24 0
-21 48 0
9 12 0
-37 20 0
-31 -14 0
-37 -4 0
25 30 0
-13 38 0
-31 -20 0
-49 -32 0
-5 -32 0
-11 2 0
47 46 0
29 -48 0
39 -2 0
1 -8 0
19 -28 0
35 -6 0
-25 48 0
5 20 0
-23 44 0
-27 -36 0
15 4 0
3 46 0
23 -2 0
15 -24 0
33 -44 0
-49 -8 0
-37 46 0
5 14 0
-33 16 0
13 -8 0
-25 2 0
-25 -30 0
-13 -44 0
-9 40 0
37 42 0
21 16 0
39 40 0
-37 -36 0
5 -14 0
-31 -14 0
-39 -30 0
39 30 0
-31 42 0
1 20 0
47 16 0
-3 16 0
21 -20 0
45 48 0
15 -24 0
47 42 0
49 -16 0
45 46 0
39 42 0
21 -22 0
7 -10 0
-39 -22 0
13 48 0
5 -30 0
-41 24 0
47 -12 0
-45 20 0
13 34 0
-19 6 0
-19 4 0
-25 -22 0
27 50 0
-47 -44 0
35 22 0
13 -8 0
33 -10 0
31 -50 0
35 50 0
-9 14 0
25 -18 0
9 28 0
-47 -22 0
-29 14 0
-43 32 0
-49 34 0
-43 2 0
35 -48 0
-47 18 0
15 -44 0
-39 24 0
-13 22 0
-19 -14 0
13 40 0
19 -38 0
17 48 0
5 -44 0
25 24 0
-13 38 0
47 44 0
-29 -6 0
-3 30 0
-43 48 0
-47 12 0
-29 20 0
21 4 0
-33 44 0
-25 50 0
25 48 0
13 34 0
-3 4 0
-9 -10 0
-13 -24 0
31 -4 0
-35 14 0
43 12 0
-11 -18 0
-15 42 0
-45 -36 0
15 12 0
-9 -24 0
33 24 0
-13 18 0
13 34 0
1 4 0
45 2 0
-21 -36 0
13 -20 0
27 22 0
15 32 0
49 10 0
-33 -20 0
29 24 0
1 4 0
15 8 0
-39 18 0
37 -18 0
49 -22 0
-39 -26 0
37 -44 0
35 -28 0
39 42 0
1 -20 0
29 14 0
-43 -2 0
-27 38 0
-17 12 0
-35 46 0
35 30 0
-39 -38 0
25 8 0
-13 -50 0
23 -22 0
-9 -18 0
-17 6 0
-49 6 0
37 -8 0
35 48 0
-1 36 0
-25 6 0
-41 42 0
-31 36 0
29 44 0
13 -18 0
43 12 0
-1 -34 0
-33 -32 0
-17 -2 0
-19 -46 0
-25 -16 0
-9 36 0
-45 -42 0
23 22 0
31 10 0
-9 -32 0
43 -20 0
-45 22 0
-29 16 0
23 22 0
17 42 0
-35 20 0
11 -16 0
11 2 0
39 20 0
-43 16 0
-37 28 0
27 -40 0
29 -34 0
1 24 0
-39 -28 0
-9 -12 0
-1 44 0
23 28 0
47 -8 0
-11 2 0
-37 38 0
-21 -16 0
17 -48 0
35 -20 0
-3 -12 0
-31 4 0
25 22 0
-43 8 0
-41 -16 0
15 -46 0
-47 4 0
-33 -28 0
17 36 0
-31 -20 0
-11 38 0
19 -36 0
-31 -8 0
19 -30 0
-5 12 0
-49 26 0
-5 -36 0
-15 16 0
41 -26 0
43 -20 0
-5 36 0
13 -30 0
-41 -40 0
-47 -40 0
3 -18 0
-11 -38 0
1 -4 0
-37 24 0
43 36 0
47 -16 0
-39 -34 0
23 26 0
-19 12 0
47 20 0
-7 -4 0
11 16 0
-31 -8 0
17 38 0
13 -48 0
29 14 0
49 50 0
1 46 0
-35 50 0
7 -24 0
5 44 0
-21 44 0
41 38 0
47 46 0
-3 -2 0
31 40 0
49 28 0
49 -46 0
-47 -28 0
37 6 0
-39 16 0
-29 32 0
-39 32 0
27 -38 0
5 48 0
-45 -32 0
3 18 0
-9 -34 0
45 42 0
41 8 0
13 -18 0
31 -48 0
-43 20 0
49 20 0
11 38 0
-17 -26 0
-21 -4 0
-23 44 0
41 -46 0
49 12 0
15 26 0
-39 30 0
-35 32 0
-35 44 0
9 -10 0
9 -34 0
47 14 0
-43 -26 0
7 26 0
23 -12 0
43 -30 0
-43 20 0
45 -34 0
-39 -8 0
3 -48 0
5 50 0
-41 40 0
-29 -26 0
17 -34 0
-35 -44 0
-39 -18 0
-13 -30 0
29 26 0
-49 -46 0
1 10 0
-33 -26 0
43 -18 0
-47 48 0
29 24 0
47 42 0
7 -46 0
-35 -50 0
19 14 0
39 -46 0
-15 -6 0
-9 -26 0
29 -14 0
-29 46 0
-35 -18 0
43 -10 0
49 16 0
1 -10 0
-43 30 0
-1 -30 0
35 36 0
3 -6 0
-45 26 0
-3 12 0
39 -48 0
-3 14 0
39 -50 0
37 20 0
43 -2 0
-13 -50 0
-43 34 0
-21 14 0
35 -16 0
-31 -16 0
-41 44 0
-13 -36 0
-25 42 0
-47 -50 0
17 36 0
-23 -12 0
-35 -2 0
-29 -32 0
-29 28 0
-9 -48 0
-11 -18 0
-39 16 0
-45 16 0
5 22 0
-23 -34 0
7 28 0
-43 50 0
-45 -6 0
47 40 0
-17 20 0
9 -2 0
-43 -48 0
13 -26 0
41 -26 0
45 18 0
-37 2 0
-47 30 0
35 -26 0
-45 -44 0
-5 -14 0
-19 6 0
45 -20 0
33 16 0
-49 6 0
13 -12 0
-33 48 0
-21 14 0
-43 -6 0
27 26 0
-45 18 0
3 30 0
-29 32 0
29 -18 0
-37 -36 0
-45 20 0
9 -24 0
-45 42 0
-31 -4 0
49 26 0
1 -16 0
3 -8 0
21 44 0
45 46 0
-43 -22 0
-37 -40 0
-7 32 0
-11 36 0
7 -16 0
29 4 0
47 28 0
-33 18 0
1 -10 0
-25 44 0
47 16 0
-45 14 0
-47 40 0
-31 38 0
49 -30 0
-35 -24 0
-25 22 0
45 32 0
33 12 0
-41 -40 0
5 10 0
1 50 0
-29 -30 0
-15 -28 0
15 26 0
5 10 0
-13 10 0
-43 42 0
-31 22 0
31 -36 0
-3 10 0
5 24 0
1 46 0
17 -2 0
-13 -22 0
17 -14 0
43 -2 0
-23 24 0
29 -48 0
-7 4 0
5 26 0
29 -32 0
-39 8 0
-49 -18 0
11 -46 0
33 -46 0
-17 -46 0
25 -40 0
-21 2 0
39 -38 0
-3 20 0
11 34 0
37 12 0
45 44 0
-39 18 0
49 24 0
9 -36 0
