MS

c Randomly-generated maxsat whose corresponding MN is tripartite 
p cnf 50 300
19 -32 12 13 50 15 0
-31 -23 15 19 8 -27 0
34 5 -48 37 -32 24 0
-28 -8 48 -13 17 12 0
25 8 -18 -40 41 27 0
-7 -20 -42 4 -29 15 0
-7 23 9 -22 41 30 0
46 -8 -30 31 -47 -3 0
-49 20 15 43 -5 27 0
31 -32 -33 -10 -44 -27 0
31 -26 18 22 5 15 0
19 11 21 -28 -44 -18 0
22 5 21 25 41 -18 0
10 -20 -48 1 -47 -18 0
49 -41 -9 31 -44 -15 0
37 -14 -6 40 47 -27 0
-16 -2 -48 34 35 21 0
34 44 15 -28 -32 48 0
-1 -5 -33 -49 20 -39 0
-40 -38 -45 -28 41 -42 0
40 32 -9 -4 17 -21 0
-13 -50 24 -4 29 -42 0
-16 11 -27 -22 -35 48 0
34 47 -6 31 50 30 0
-28 5 6 37 -2 -39 0
-40 -47 30 31 38 -45 0
7 -47 27 -43 26 -30 0
-4 41 48 -46 29 45 0
19 5 36 16 44 18 0
-46 -32 33 1 -5 6 0
-43 23 6 10 -5 3 0
1 20 -39 25 5 45 0
25 35 -48 -28 32 -33 0
-10 47 -18 37 32 -36 0
10 17 12 -25 2 36 0
-22 41 -27 25 -8 48 0
25 14 45 -49 47 -30 0
19 11 36 28 -14 -30 0
-34 35 -18 -13 -20 30 0
-43 23 -45 37 -26 24 0
4 41 -48 -16 -14 15 0
-49 -47 -9 -10 -44 27 0
-1 -44 9 31 -17 -18 0
1 -29 12 43 32 -33 0
-7 11 -33 -22 14 -24 0
28 23 -18 31 2 -48 0
-31 38 -36 46 -26 21 0
16 -8 9 46 35 -12 0
28 23 -24 -34 -47 -18 0
40 -23 12 7 41 15 0
-7 -29 -33 22 -47 9 0
-13 -2 33 31 -5 -18 0
34 -11 -12 4 -38 24 0
37 2 12 -4 38 3 0
-34 -44 -21 19 -20 27 0
-31 -38 -45 -37 5 -12 0
25 44 36 43 5 39 0
-1 -35 -24 10 41 -12 0
-19 -17 24 10 -8 15 0
-16 -47 30 13 38 24 0
19 -29 -9 43 47 3 0
-46 -32 39 -10 14 15 0
-4 2 -18 1 -17 39 0
46 41 18 -19 -44 27 0
16 -41 -27 37 32 3 0
-40 -11 -27 -7 -44 15 0
-40 -14 -48 31 8 9 0
37 8 -18 -40 35 3 0
4 35 -6 22 50 36 0
-46 -23 33 37 47 27 0
19 35 -36 -1 -11 15 0
28 23 -30 49 38 -18 0
-25 5 42 34 -29 18 0
10 20 39 22 5 9 0
43 -38 -12 -19 44 15 0
34 32 9 46 -44 -21 0
49 8 -39 28 -50 -30 0
1 41 -48 34 -35 42 0
34 32 -45 -4 23 3 0
7 -2 30 19 -41 18 0
4 23 -6 -34 -20 -27 0
10 -35 42 -16 -14 -33 0
28 -29 30 16 44 9 0
-46 -5 -42 25 -11 21 0
-34 -17 30 22 5 36 0
22 38 -12 19 -14 -39 0
-22 35 33 -19 41 -45 0
22 32 -36 -19 8 -21 0
10 23 -36 19 -41 15 0
-46 -41 -48 49 23 -27 0
31 -23 18 -37 29 -36 0
46 50 -33 -49 -26 18 0
-7 5 18 -13 -38 -12 0
-40 -50 -48 -10 38 -21 0
-34 -8 30 -46 20 -33 0
-25 -50 -12 -34 35 -6 0
-22 17 30 -28 -41 21 0
-40 2 36 22 -32 15 0
-4 29 18 -22 38 12 0
-7 11 -18 25 -14 9 0
-1 -2 -21 4 -44 30 0
-28 8 -9 31 29 -18 0
4 -17 -21 -34 -8 -36 0
43 23 -36 7 -5 -24 0
-25 2 -18 -40 8 -3 0
4 20 -27 -10 11 24 0
16 23 -12 13 38 -42 0
-13 50 -12 10 -14 9 0
-28 29 15 46 17 30 0
31 35 -18 25 -26 -3 0
16 14 39 -31 -20 30 0
-13 8 -39 34 -17 -36 0
13 -2 48 -37 -47 39 0
37 -2 27 -22 -29 -48 0
25 -44 -42 -22 38 27 0
7 -32 21 28 5 27 0
-22 35 33 13 -50 -6 0
46 2 -45 25 47 -27 0
-1 23 -33 43 29 18 0
-46 11 -15 -37 35 -33 0
-25 -8 30 43 11 -48 0
-40 14 24 34 -23 -3 0
19 44 18 25 20 27 0
-31 -47 -30 -4 32 -42 0
-40 -11 -48 -43 26 -18 0
-28 11 39 7 44 27 0
13 -50 -21 28 -20 48 0
-19 -44 12 49 -32 -48 0
-28 47 -9 -43 17 15 0
10 -35 -42 34 -26 36 0
-43 -14 -21 -28 38 -24 0
-43 -44 6 22 -5 36 0
34 23 15 -31 29 36 0
43 -17 -39 10 11 -27 0
43 -44 15 4 -38 -12 0
40 17 21 -34 -41 -3 0
22 -44 -24 4 -29 21 0
-19 47 33 43 -17 45 0
13 17 30 37 29 3 0
-46 -41 36 -49 -14 -15 0
-22 -35 -18 -28 5 30 0
13 8 -42 -10 -32 27 0
-16 41 -21 -22 14 -39 0
-7 44 -15 -46 -26 9 0
25 -50 42 -40 11 -30 0
-13 -5 33 22 26 6 0
-16 -32 45 34 -14 -18 0
19 23 27 25 2 30 0
-10 -8 -48 28 32 36 0
-22 5 -39 -46 -50 -9 0
40 8 33 10 23 -12 0
10 35 -9 16 -32 -12 0
49 29 -30 28 -8 15 0
25 -44 -24 -16 17 48 0
-34 -17 36 28 20 6 0
46 23 -15 43 17 -3 0
-22 41 -6 49 -26 -39 0
40 8 -15 43 38 -48 0
19 32 -48 -25 -11 45 0
40 32 -12 -43 44 9 0
37 -11 -42 -1 41 -15 0
31 8 15 -10 -11 -36 0
-46 41 -39 37 38 27 0
13 35 45 -37 17 -30 0
-7 47 6 -4 -8 39 0
43 -11 48 19 -17 9 0
4 -20 -39 -25 -26 42 0
-22 -23 33 -40 2 24 0
-34 -17 39 19 38 21 0
46 -29 21 -1 -8 -12 0
40 35 -48 -10 -11 -3 0
7 -23 -33 1 5 -3 0
16 5 -15 46 35 33 0
4 2 -48 -16 -35 -39 0
-34 17 -42 -19 -50 45 0
-31 5 -48 19 -23 3 0
-28 -17 39 19 -26 -18 0
40 2 -42 13 -47 45 0
31 29 -45 37 41 21 0
25 -23 -6 16 -2 48 0
19 -11 12 -46 20 45 0
-19 17 -33 7 23 -48 0
31 2 -9 -22 -50 48 0
25 2 -18 -22 -32 45 0
-46 -50 12 16 44 -48 0
19 26 -36 -22 47 39 0
1 -17 15 -10 -11 -36 0
-43 29 15 1 -11 -9 0
10 44 -6 1 -47 36 0
19 -32 -36 -22 35 39 0
-4 35 42 19 -8 6 0
-16 -5 -15 -4 44 -42 0
-22 35 12 19 -26 -36 0
22 23 -45 7 20 12 0
-28 -2 -15 -34 47 45 0
22 32 -36 13 14 24 0
10 -17 27 -22 29 39 0
31 -14 12 43 -32 -39 0
1 44 36 37 -11 6 0
37 38 -24 28 32 27 0
-40 -14 -9 -4 44 -33 0
25 -14 -39 7 -35 18 0
-10 -26 -21 -28 -38 15 0
-31 29 -21 43 14 45 0
28 38 24 19 -41 -30 0
-19 11 -15 40 -8 21 0
-40 -11 18 -7 -26 3 0
10 50 -15 -22 -23 9 0
7 -35 -12 31 38 24 0
-34 35 -27 7 -41 -3 0
37 20 -27 -43 8 36 0
-10 -32 -45 -31 50 -42 0
-10 -2 18 -1 38 -45 0
25 -14 18 40 2 42 0
-22 23 36 25 38 -6 0
13 44 48 22 -5 15 0
4 44 36 43 8 15 0
-10 5 45 -31 -2 -39 0
34 -29 36 25 35 -30 0
-49 -2 9 -19 44 6 0
-4 -38 -15 34 41 33 0
-13 23 48 16 38 -33 0
19 23 15 -10 38 -3 0
-10 20 -42 25 14 -18 0
1 38 -9 -37 5 18 0
34 38 33 28 47 -30 0
-10 38 -15 46 -47 -45 0
-4 47 -27 49 8 -24 0
40 2 -33 43 50 27 0
-34 5 33 -1 38 -21 0
10 8 36 34 26 6 0
25 -17 24 31 47 -18 0
4 -38 -33 -28 -26 -30 0
-43 8 24 -34 -26 -3 0
-7 11 33 -10 35 42 0
-16 -23 -9 10 -41 39 0
-7 47 -45 -49 -41 3 0
7 47 9 -13 41 -30 0
-43 -38 15 -25 -8 21 0
-7 -50 9 1 5 -42 0
13 35 39 31 32 -45 0
-7 -8 -15 -4 -44 21 0
-1 8 -33 -7 -44 -30 0
-7 41 12 16 -26 -39 0
43 32 -33 4 -23 3 0
34 -50 -39 43 -47 6 0
-28 -50 39 37 -44 -21 0
-7 -41 18 34 47 -30 0
-49 44 6 -7 29 -39 0
4 -38 45 46 20 36 0
22 -20 30 16 23 -48 0
4 14 -27 43 47 30 0
4 2 33 -37 47 -48 0
-40 26 -6 -34 38 -45 0
-43 17 48 16 -38 42 0
1 14 -42 7 26 -9 0
13 14 42 -49 -35 48 0
16 35 -36 -1 -5 15 0
-34 20 12 4 8 30 0
37 14 9 -22 50 6 0
28 5 -15 -46 -11 21 0
-19 14 36 -7 -2 18 0
22 -5 -48 -40 -20 -45 0
-49 47 -42 19 11 18 0
43 -20 -6 49 44 42 0
25 35 6 -10 8 -24 0
-37 -20 45 31 35 30 0
-40 41 -45 43 11 39 0
-49 -38 -9 13 -2 -3 0
-31 -5 -12 -1 -26 -3 0
-28 5 -21 -19 -14 42 0
-4 -50 -33 -34 11 12 0
13 35 -33 1 -47 18 0
31 -26 42 19 -14 30 0
-28 2 33 -19 -35 24 0
-19 -2 6 7 -41 27 0
49 -29 -27 -40 14 9 0
37 -8 -21 -46 11 18 0
25 -35 -48 13 44 -45 0
37 35 39 46 -17 -33 0
-1 -14 48 7 38 -36 0
28 -32 48 -13 -11 -36 0
-19 14 24 10 -26 48 0
-10 -47 -21 31 -5 36 0
-7 -17 21 -22 -38 30 0
-49 5 39 19 -38 -33 0
-16 -38 -45 -4 -17 -9 0
-16 -2 42 -7 -50 12 0
-28 -26 6 -4 5 -45 0
-31 -29 18 49 -50 -39 0
-49 35 -12 -1 14 33 0
34 -47 -15 10 -35 21 0
-31 32 -6 -28 -5 42 0
37 -50 -6 -49 11 36 0
40 -26 -27 -37 2 -39 0
22 5 42 40 50 -24 0
25 -50 -33 10 20 -48 0
-7 -20 24 28 2 -18 0
28 32 6 49 -11 -48 0
-31 -41 -9 -16 50 -33 0
