% Indicates whether the problem is Graph Coloring (GC) or Dominating Set (DS) 
% problem from http://mat.gsia.cmu.edu/COLOR/instances.html, originally from Michael Trick (trick@cmu.edu) Graph based on Mycielski transformation
GC

% The number associated with the optimal solution of the above problem
5

% Names of all variables in Markov network (comma separated)
1, 2, 4, 7, 9, 13, 15, 18, 20, 3, 6, 8, 12, 14, 17, 19, 5, 10, 16, 21, 11, 22, 23 

% Edges in Markov network (in format A,B to indicate edge between A & B) - order does not matter, semi-colon separated
1,2; 1,4; 1,7; 1,9; 1,13; 1,15; 1,18; 1,20; 2,3; 2,6; 2,8; 2,12; 2,14; 2,17; 2,19; 3,5; 3,7; 3,10; 3,13; 3,16; 3,18; 3,21; 4,5; 4,6; 4,10; 4,12; 4,16; 4,17; 4,21; 5,8; 5,9; 5,14; 5,15; 5,19; 5,20; 6,11; 6,13; 6,15; 6,22; 7,11; 7,12; 7,14; 7,22; 8,11; 8,13; 8,16; 8,22; 9,11; 9,12; 9,16; 9,22; 10,11; 10,14; 10,15; 10,22; 11,17; 11,18; 11,19; 11,20; 11,21; 12,23; 13,23; 14,23; 15,23; 16,23; 17,23; 18,23; 19,23; 20,23; 21,23; 22,23 

% Values for the variables in the Markov network (variable on left of colon)
1: 0,1,2,3,4,5,6,7,8,9,10,11,12,13,14,15,16,17,18,19,20,21,22,23,24,25,26,27,28,29; 2: 0,1,2,3,4,5,6,7,8,9,10,11,12,13,14,15,16,17,18,19,20,21,22,23,24,25,26,27,28,29; 4: 0,1,2,3,4,5,6,7,8,9,10,11,12,13,14,15,16,17,18,19,20,21,22,23,24,25,26,27,28,29; 7: 0,1,2,3,4,5,6,7,8,9,10,11,12,13,14,15,16,17,18,19,20,21,22,23,24,25,26,27,28,29; 9: 0,1,2,3,4,5,6,7,8,9,10,11,12,13,14,15,16,17,18,19,20,21,22,23,24,25,26,27,28,29; 13: 0,1,2,3,4,5,6,7,8,9,10,11,12,13,14,15,16,17,18,19,20,21,22,23,24,25,26,27,28,29; 15: 0,1,2,3,4,5,6,7,8,9,10,11,12,13,14,15,16,17,18,19,20,21,22,23,24,25,26,27,28,29; 18: 0,1,2,3,4,5,6,7,8,9,10,11,12,13,14,15,16,17,18,19,20,21,22,23,24,25,26,27,28,29; 20: 0,1,2,3,4,5,6,7,8,9,10,11,12,13,14,15,16,17,18,19,20,21,22,23,24,25,26,27,28,29; 3: 0,1,2,3,4,5,6,7,8,9,10,11,12,13,14,15,16,17,18,19,20,21,22,23,24,25,26,27,28,29; 6: 0,1,2,3,4,5,6,7,8,9,10,11,12,13,14,15,16,17,18,19,20,21,22,23,24,25,26,27,28,29; 8: 0,1,2,3,4,5,6,7,8,9,10,11,12,13,14,15,16,17,18,19,20,21,22,23,24,25,26,27,28,29; 12: 0,1,2,3,4,5,6,7,8,9,10,11,12,13,14,15,16,17,18,19,20,21,22,23,24,25,26,27,28,29; 14: 0,1,2,3,4,5,6,7,8,9,10,11,12,13,14,15,16,17,18,19,20,21,22,23,24,25,26,27,28,29; 17: 0,1,2,3,4,5,6,7,8,9,10,11,12,13,14,15,16,17,18,19,20,21,22,23,24,25,26,27,28,29; 19: 0,1,2,3,4,5,6,7,8,9,10,11,12,13,14,15,16,17,18,19,20,21,22,23,24,25,26,27,28,29; 5: 0,1,2,3,4,5,6,7,8,9,10,11,12,13,14,15,16,17,18,19,20,21,22,23,24,25,26,27,28,29; 10: 0,1,2,3,4,5,6,7,8,9,10,11,12,13,14,15,16,17,18,19,20,21,22,23,24,25,26,27,28,29; 16: 0,1,2,3,4,5,6,7,8,9,10,11,12,13,14,15,16,17,18,19,20,21,22,23,24,25,26,27,28,29; 21: 0,1,2,3,4,5,6,7,8,9,10,11,12,13,14,15,16,17,18,19,20,21,22,23,24,25,26,27,28,29; 11: 0,1,2,3,4,5,6,7,8,9,10,11,12,13,14,15,16,17,18,19,20,21,22,23,24,25,26,27,28,29; 22: 0,1,2,3,4,5,6,7,8,9,10,11,12,13,14,15,16,17,18,19,20,21,22,23,24,25,26,27,28,29; 23: 0,1,2,3,4,5,6,7,8,9,10,11,12,13,14,15,16,17,18,19,20,21,22,23,24,25,26,27,28,29 



 